README.md
  s_3d7442283aed51::t_571ccfcb5bcab2 43,45,47-49
  s_3d7442283aed51::t_26866aeb1ff338 61-94
train_demo.py
  s_3d7442283aed51::t_6fd3545daa6dee 62-73,75-84,87
data/processed/heldout_results.csv
  s_3d7442283aed51::t_56027574a1bd0f 2-35
models/metrics.json
  s_3d7442283aed51::t_d2fb405bcb8153 7-8,10-11,17,19,26,35,44,46,53,55-56,62,71,73,80,82,89,91,98,107,118,125,134,143,145,152,154,161,170,172-173,179,181,188,190,197,199,206,208,215,217,224,226,233,235,242,251,253,260,262,269,271,278,287,289,296,298,305,314,316,325,331,337,343,349,355,361,367,373,379,385,391,397,403,409,415,421,427,433,439,445,451,457,463,469,475,481,487,493,499,505,511,517,523,529,535,541,547,553,559,565,571,577,583,589,595,601,607,613,619,625,631,637,643,649,655,661,667,673,679,685,691,697,703,709,715,721,727,733,739,745,751,757,763,769,775,781,787,793,799,805,811,817,823,829,835,841,847,853,859,865,871,877,883,889,895,901,907,913,919,925,931,937,943,949,955,961,967,973,979,985,991,997,1003,1009,1015,1021,1027,1033,1039,1045,1051,1057,1063
---
{
  "schema_version": "authorship/3.0.0",
  "git_ai_version": "1.7.5",
  "base_commit_sha": "a73711b509dce85f43844714434a23f5598e3559",
  "prompts": {},
  "sessions": {
    "s_3d7442283aed51": {
      "agent_id": {
        "tool": "cursor",
        "id": "db4a828c-6f68-4f9a-aa5f-63384934181c",
        "model": "grok-4.7"
      },
      "human_author": "amicus4ever <liuzhenhe7@gmail.com>"
    }
  }
}